# Header line 1
# Header line 2
# Header line 3
# Header line 4
# Header line 5
# Header line 6
# Header line 7
# Header line 8
# Header line 9
# Header line 10
# Header line 11
# Header line 12
# Header line 13
# Header line 14
# Header line 15
# Header line 16
# Header line 17
# Header line 18
# Header line 19
# Header line 20
1 37 73 109 145 181
7 43 79 115 151 187
13 49 85 121 157 193
19 55 91 127 163 199
25 61 97 133 169 205
31 67 103 139 175 211
2 38 74 110 146 182
8 44 80 116 152 188
14 50 86 122 158 194
20 56 92 128 164 200
26 62 98 134 170 206
32 68 104 140 176 212
3 39 75 111 147 183
9 45 81 117 153 189
15 51 87 123 159 195
21 57 93 129 165 201
27 63 99 135 171 207
33 69 105 141 177 213
4 40 76 112 148 184
10 46 82 118 154 190
16 52 88 124 160 196
22 58 94 130 166 202
28 64 100 136 172 208
34 70 106 142 178 214
5 41 77 113 149 185
11 47 83 119 155 191
17 53 89 125 161 197
23 59 95 131 167 203
29 65 101 137 173 209
35 71 107 143 179 215
6 42 78 114 150 186
12 48 84 120 156 192
18 54 90 126 162 198
24 60 96 132 168 204
30 66 102 138 174 210
36 72 108 144 180 216
